5.97
-0.79
3.87
2.12
-6.87
-1.11
-0.96
-0.24
5.46
6.88
0.58
-3.52
5.29
2.01
-2.32
4.52
-4.78
-5.18
0.83
4.95
-1.04
-4.68
2.64
4.80
-2.55
2.47
-0.33
-1.53
-1.90
-0.89
1.08
0.41
0.17
6.90
2.24
-4.78
-5.06
-3.10
4.49
4.61
-2.54
-6.53
-4.61
-4.62
2.28
-2.54
-3.66
-6.09
-6.42
-3.53
4.14
6.56
-2.29
-4.24
6.26
-3.05
1.61
-5.12
4.57
5.52
-2.02
-3.57
4.88
-5.66
-0.05
-4.06
-2.84
-3.91
-1.58
-4.35
5.13
-4.99
6.45
1.74
1.71
-1.69
-5.65
-0.15
6.14
-0.57
0.26
-2.92
-6.56
-3.50
0.14
3.28
2.01
5.02
-4.59
4.30
4.70
-4.23
0.39
-0.57
2.26
6.53
-6.45
-2.85
-2.78
-6.64
4.79
-3.14
2.08
2.40
-4.07
4.86
-3.40
2.96
-4.61
-5.55
-5.12
-3.53
4.80
2.90
-5.20
6.00
1.59
-6.69
-1.39
-6.30
-0.52
0.75
0.96
-2.08
-2.27
5.42
-2.18
6.56
-6.10
0.89
-0.99
-3.58
-6.42
0.63
1.78
-2.96
5.55
6.90
-2.52
5.63
-3.54
-1.10
2.94
-4.67
2.35
-1.49
6.07
1.12
0.12
-3.60
2.72
-4.30
1.83
1.79
1.09
-1.23
-4.95
-6.89
-2.03
-5.64
-2.13
-4.63
-4.92
6.15
4.74
-1.58
1.28
4.21
4.93
1.20
-5.26
-0.99
-3.38
-6.67
-1.92
-1.35
5.31
-2.99
2.18
0.68
5.15
-3.10
-1.44
3.85
-6.31
-2.32
0.89
-4.46
0.30
6.12
0.71
-4.72
-4.26
4.18
-5.54
-6.25
5.02
-5.37
-0.60
-2.66
-8.87
-9.07
-9.10
-8.59
-8.69
-8.47
-8.21
-7.78
-7.78
-8.49
-7.73
-9.02
-7.85
-9.02
-7.24
-8.86
-8.76
-8.03
-7.63
-8.31
-9.03
-7.23
-8.90
-8.52
-8.92
-7.38
-7.65
-8.68
-9.07
-8.69
-7.94
-8.41
-7.82
-8.83
-8.01
-8.28
-7.85
-8.80
-8.99
-8.44
-9.00
-8.32
-8.75
-8.44
-8.62
-7.82
-8.90
-7.31
-8.34
-8.87
-9.10
-8.75
-8.54
-9.04
-7.96
-7.49
-7.37
-8.51
-8.99
-8.44
-9.02
-7.83
-7.58
-8.34
-8.65
-8.71
-8.30
-8.58
-8.92
-8.90
-8.30
-7.18
-8.11
-8.73
-8.20
-8.25
-8.73
-8.11
-8.49
-7.90
-8.52
-8.54
-8.93
-8.71
-8.09
-7.69
-9.03
-7.76
-8.92
-8.80
-8.07
-8.28
-8.10
-8.28
-8.41
-9.02
-7.58
-8.37
-7.82
-7.58
-7.83
-7.45
-8.82
-7.97
-8.20
-8.45
-8.82
-7.96
-7.68
-8.90
-7.39
-8.63
-8.55
-8.87
-8.25
-8.14
-9.10
-8.51
-8.13
-8.37
-7.62
-7.55
-9.02
-8.21
-7.69
-8.58
-8.45
-8.35
-9.07
-7.48
-9.04
-8.56
-8.78
-8.47
-8.59
-8.71
-8.48
-7.56
-8.23
-8.21
-8.41
-7.21
-9.09
-9.04
-8.18
-8.11
-8.52
-8.01
-8.78
-8.28
8.59
7.79
7.85
8.58
7.61
7.25
7.48
7.56
9.02
8.52
7.47
8.93
8.90
8.71
8.04
9.00
9.10
8.85
8.59
8.37
8.85
8.68
8.59
8.41
8.49
8.73
8.82
8.89
9.06
8.96
8.79
8.63
8.99
8.13
9.09
8.20
8.75
8.89
7.61
8.96
8.25
8.04
8.42
7.87
8.40
8.76
8.09
7.61
7.87
8.63
8.18
8.21
8.97
7.35
9.09
8.72
8.63
8.56
7.48
8.38
8.73
7.56
8.76
8.25
8.73
8.99
7.66
8.16
7.94
9.06
7.48
9.09
9.06
8.51
8.78
7.97
9.04
7.75
8.86
8.04
8.68
8.10
7.62
8.35
7.39
8.28
7.65
8.86
8.89
7.65
8.44
8.18
8.76
7.79
8.68
8.59
7.39
7.52
8.20
8.68
8.45
8.34
8.52
8.11
8.72
8.59
8.96
8.85
8.00
8.49
8.82
7.87
7.44
8.32
8.99
8.86
8.17
8.27
8.99
8.99
7.55
8.04
9.09
8.40
7.96
7.69
7.80
7.68
8.56
7.54
8.75
8.06
8.52
7.76
8.40
8.92
8.85
7.89
7.69
8.40
8.55
8.24
7.48
7.23
7.25
7.48
8.49
7.18
8.80
7.93
