4.32
-4.65
2.69
-4.43
-5.88
1.79
6.36
6.56
-6.73
-6.37
4.01
-1.83
-4.36
4.23
6.32
-2.05
3.08
6.83
2.22
-5.77
-4.33
5.22
2.72
-2.77
3.36
-6.04
6.31
-5.60
-5.01
5.52
-0.91
1.12
-3.13
-0.39
2.58
2.04
2.53
-0.43
-4.60
-5.79
4.92
-1.93
-3.90
-0.26
-3.27
-3.42
1.83
-2.73
6.10
5.20
-8.75
-7.61
-8.84
-8.40
-8.40
-9.10
-8.22
-8.40
-7.35
-8.40
-8.92
-8.40
-9.01
-7.70
-8.31
-8.66
-8.57
-8.75
-8.84
-8.75
-9.01
-7.79
-8.05
-7.96
-8.92
8.49
9.10
9.10
7.53
8.05
7.17
7.53
8.14
8.84
8.49
7.79
7.53
9.01
8.22
8.66
8.92
8.75
9.01
8.75
8.92
8.92
8.92
8.92
7.61
8.49
