-3.40
5.88
-1.55
2.88
6.15
-6.00
6.15
3.11
6.11
-4.56
-3.53
1.17
-0.44
6.84
-1.11
6.99
-0.59
-2.92
2.90
-1.67
-3.08
5.16
-5.14
2.50
-4.76
-2.50
-0.11
2.05
-6.17
3.33
6.21
4.44
0.25
-6.25
5.48
2.57
-6.22
-4.30
-3.07
-4.04
-2.54
3.42
-6.90
5.43
-6.80
-5.52
1.51
-3.31
-4.74
6.98
-2.64
-3.35
-2.89
4.10
3.09
2.22
-3.61
0.60
5.08
-4.95
-4.92
1.28
6.27
-1.72
-3.88
6.47
-3.93
0.73
1.27
1.55
5.09
4.36
0.29
4.62
-3.73
-3.40
1.48
4.25
6.15
4.14
-3.38
5.15
6.04
-6.24
-4.42
-0.67
-5.27
-0.54
-2.54
-4.85
1.61
3.57
-5.08
2.87
1.21
4.20
4.38
3.66
-3.66
-2.81
4.74
1.32
-0.89
6.01
-1.14
-2.68
-5.94
-6.77
-0.05
4.21
-1.65
4.17
6.56
3.72
-3.77
-5.50
-4.19
-5.50
-1.92
-4.56
-5.40
-0.01
-1.22
1.36
-4.24
-5.85
-2.61
-0.53
1.87
-4.30
-2.82
-2.39
0.23
1.32
4.30
-0.66
-1.56
-4.36
-3.55
-0.47
0.60
-2.10
5.94
-5.06
3.77
6.42
-5.06
-4.08
-0.92
5.82
-1.58
-3.77
-1.51
0.09
-3.15
4.44
6.84
-5.21
3.58
0.82
5.30
-4.13
5.62
-4.51
-1.13
5.71
-6.59
-5.70
-1.94
-3.47
-5.88
3.78
6.30
2.51
1.15
3.94
-6.50
0.11
1.62
-1.78
0.85
4.63
6.19
0.16
-6.07
6.12
-1.04
-3.12
-4.36
-1.43
0.39
2.90
-3.65
-2.59
4.01
2.80
4.39
-2.30
2.24
-0.42
-8.10
-7.62
-8.65
-8.99
-7.78
-8.85
-8.32
-7.85
-8.21
-8.93
-8.45
-8.66
-7.20
-8.97
-9.07
-8.99
-8.00
-8.58
-7.79
-8.09
-7.51
-8.18
-9.10
-8.18
-8.55
-8.86
-8.56
-8.79
-9.04
-7.51
-8.10
-8.48
-8.34
-7.45
-7.80
-8.66
-8.86
-9.06
-8.63
-8.76
-8.30
-8.82
-7.49
-8.24
-8.44
-9.06
-8.38
-8.63
-9.07
-8.51
-7.97
-8.61
-7.68
-9.02
-7.85
-8.38
-8.96
-8.93
-8.54
-8.85
-8.94
-8.65
-7.62
-8.55
-9.04
-8.76
-8.07
-9.02
-8.56
-8.34
-7.99
-8.32
-7.63
-8.85
-7.63
-8.66
-8.59
-8.78
-8.78
-8.90
-7.63
-8.56
-8.52
-8.40
-8.68
-8.79
-7.54
-7.68
-7.31
-8.03
-7.90
-8.06
-8.82
-8.23
-9.09
-8.42
-7.03
-8.92
-8.17
-8.27
-7.80
-8.14
-8.10
-7.70
-8.61
-7.28
-7.93
-8.62
-8.72
-8.83
-8.40
-8.62
-7.78
-8.76
-8.27
-8.04
-7.90
-9.09
-8.16
-8.27
-8.35
-8.94
-9.02
-9.00
-7.55
-8.20
-7.96
-8.44
-8.32
-7.13
-8.97
-8.48
-8.94
-8.71
-7.47
-7.90
-8.40
-8.37
-8.52
-8.97
-9.09
-8.97
-8.28
-8.62
-8.62
-8.59
-8.07
-7.45
-8.92
-8.80
7.85
8.86
8.83
7.82
8.96
9.09
8.63
7.78
8.47
8.00
7.75
8.42
9.06
8.58
9.02
8.87
8.87
8.86
9.10
9.03
8.90
8.75
8.58
8.76
8.28
8.20
8.73
8.07
7.45
8.85
8.03
9.10
8.78
8.54
8.79
7.31
8.89
8.63
8.37
8.78
8.31
8.63
8.87
8.79
8.71
8.62
9.10
8.35
7.58
7.83
8.66
8.45
8.41
8.89
8.69
8.85
8.58
7.41
8.13
8.23
7.78
8.23
8.71
8.52
7.07
7.72
8.48
8.71
7.73
7.34
8.86
9.02
8.79
8.11
7.99
8.94
7.86
7.73
7.96
8.07
7.75
9.00
8.10
7.82
8.52
8.87
8.63
8.66
8.34
8.10
7.94
8.68
8.79
8.55
8.55
7.14
7.93
8.92
8.76
8.79
8.44
9.00
8.86
7.97
8.58
8.92
7.28
8.93
8.83
8.96
8.32
8.85
7.30
8.76
7.99
8.89
8.96
8.20
8.92
7.62
8.49
8.16
8.09
9.02
8.56
7.65
8.11
7.75
8.97
8.69
8.51
7.92
8.71
8.20
7.87
8.99
8.72
8.58
8.16
8.32
8.41
8.69
8.44
7.97
9.09
7.68
8.58
8.73
8.69
8.11
