5.80
5.10
-2.89
-0.55
3.08
-0.49
6.39
4.79
5.00
2.88
-3.85
-5.80
-2.99
-0.56
-6.55
2.17
5.62
2.96
1.89
5.47
2.01
6.84
-0.08
-3.85
5.53
1.55
0.77
5.72
6.93
-0.37
-6.70
-3.31
-5.50
0.71
-1.82
-0.74
-3.17
-5.04
5.23
0.76
-5.56
-3.77
-3.34
-5.04
-0.24
-0.84
-5.08
1.93
0.18
-6.60
-8.40
-8.75
-9.10
-8.57
-8.84
-7.44
-8.57
-7.53
-8.75
-9.10
-8.40
-9.10
-8.75
-8.92
-8.92
-8.31
-8.84
-8.92
-8.57
-8.49
-9.10
-8.22
-8.49
-7.53
-7.88
7.70
8.31
8.84
8.40
9.10
9.10
9.01
7.96
8.57
8.92
8.84
9.01
8.49
8.66
8.66
8.31
8.05
8.22
7.88
7.88
7.96
7.53
8.92
8.75
8.31
